day	hour	value
1	1	151
1	2	149
1	3	177
1	4	162
1	5	227
1	6	297
1	7	390
1	8	471
1	9	463
1	10	539
1	11	512
1	12	538
1	13	618
1	14	585
1	15	576
1	16	563
1	17	481
1	18	438
1	19	433
1	20	438
1	21	439
1	22	305
1	23	260
1	24	245
2	1	188
2	2	196
2	3	197
2	4	185
2	5	289
2	6	362
2	7	423
2	8	562
2	9	568
2	10	618
2	11	588
2	12	593
2	13	636
2	14	630
2	15	619
2	16	589
2	17	454
2	18	518
2	19	478
2	20	463
2	21	496
2	22	401
2	23	302
2	24	253
3	1	217
3	2	181
3	3	185
3	4	201
3	5	271
3	6	350
3	7	489
3	8	576
3	9	596
3	10	666
3	11	641
3	12	594
3	13	655
3	14	706
3	15	737
3	16	591
3	17	534
3	18	461
3	19	517
3	20	488
3	21	488
3	22	401
3	23	285
3	24	244
4	1	220
4	2	188
4	3	190
4	4	198
4	5	309
4	6	399
4	7	450
4	8	569
4	9	577
4	10	615
4	11	648
4	12	599
4	13	666
4	14	640
4	15	667
4	16	625
4	17	524
4	18	478
4	19	492
4	20	465
4	21	438
4	22	397
4	23	292
4	24	243
5	1	205
5	2	169
5	3	192
5	4	196
5	5	281
5	6	318
5	7	474
5	8	538
5	9	507
5	10	635
5	11	562
5	12	572
5	13	589
5	14	587
5	15	585
5	16	539
5	17	467
5	18	466
5	19	427
5	20	395
5	21	410
5	22	326
5	23	275
5	24	201
6	1	144
6	2	141
6	3	106
6	4	131
6	5	171
6	6	210
6	7	211
6	8	231
6	9	258
6	10	241
6	11	275
6	12	225
6	13	256
6	14	238
6	15	250
6	16	286
6	17	292
6	18	308
6	19	258
6	20	261
6	21	213
6	22	209
6	23	175
6	24	152
7	1	127
7	2	119
7	3	124
7	4	146
7	5	19