day	hour	value
1	1	135
1	2	150
1	3	145
1	4	174
1	5	194
1	6	272
1	7	359
1	8	441
1	9	461
1	10	542
1	11	537
1	12	523
1	13	542
1	14	556
1	15	532
1	16	546
1	17	488
1	18	412
1	19	443
1	20	394
1	21	395
1	22	318
1	23	252
1	24	195
2	1	164
2	2	190
2	3	202
2	4	178
2	5	257
2	6	321
2	7	413
2	8	506
2	9	490
2	10	580
2	11	569
2	12	562
2	13	559
2	14	620
2	15	589
2	16	568
2	17	484
2	18	457
2	19	446
2	20	414
2	21	426
2	22	383
2	23	269
2	24	230
3	1	165
3	2	178
3	3	172
3	4	233
3	5	268
3	6	324
3	7	412
3	8	523
3	9	563
3	10	629
3	11	585
3	12	528
3	13	555
3	14	611
3	15	608
3	16	574
3	17	493
3	18	471
3	19	456
3	20	456
3	21	415
3	22	380
3	23	268
3	24	248
4	1	198
4	2	166
4	3	173
4	4	220
4	5	257
4	6	318
4	7	424
4	8	482
4	9	552
4	10	620
4	11	574
4	12	581
4	13	519
4	14	628
4	15	656
4	16	601
4	17	500
4	18	446
4	19	456
4	20	414
4	21	410
4	22	345
4	23	272
4	24	200
5	1	188
5	2	152
5	3	195
5	4	178
5	5	226
5	6	284
5	7	396
5	8	477
5	9	493
5	10	535
5	11	521
5	12	514
5	13	475
5	14	551
5	15	558
5	16	521
5	17	453
5	18	410
5	19	403
5	20	366
5	21	327
5	22	253
5	23	201
5	24	181
6	1	155
6	2	110
6	3	121
6	4	124
6	5	132
6	6	155
6	7	188
6	8	183
6	9	216
6	10	200
6	11	233
6	12	225
6	13	261
6	14	259
6	15	242
6	16	255
6	17	270
6	18	253
6	19	260
6	20	229
6	21	186
6	22	164
6	23	167
6	24	140
7	1	142
7	2	92
7	3	117
7	4	132
7	5	17